0 0 0
0 0 0
0 0 0
0 0 0
0 0 0
0 0 0
0 0 0
0 0 0
0 0 0
0 0 0
0 0 0
0 0 0
0 0 0
0 0 0
0 0 0
0 0 0
0 0 0
0 0 0
0 0 0
0 0 0
0 0 0
0 0 0
0 0 0
0 0 0
0 0 0
0 0 0
0 0 0
0 0 0
0 0 0
74 132 181
132 198 247
82 156 214
0 0 0
0 0 0
0 0 0
0 0 0
0 0 0
0 0 0
0 0 0
0 0 0
0 0 0
0 0 0
0 0 0
0 0 0
0 0 0
0 0 0
0 0 0
0 0 0
0 0 0
0 0 0
0 0 0
0 0 0
0 0 0
0 0 0
0 0 0
0 0 0
0 0 0
0 0 0
0 0 0
0 0 0
0 0 0
0 0 0
0 0 0
0 0 0
0 0 0
0 0 0
0 0 0
0 0 0
0 0 0
0 0 0
0 0 0
0 0 0
0 0 0
0 0 0
0 0 0
0 0 0
0 0 0
0 0 0
0 0 0
0 0 0
0 0 0
0 0 0
0 0 0
0 0 0
0 0 0
0 0 0
0 0 0
0 0 0
0 0 0
0 0 0
0 0 0
0 0 0
0 0 0
0 0 0
0 0 0
0 0 0
0 0 0
0 0 0
0 0 0
0 0 0
0 0 0
107 173 222
198 255 255
123 189 255
0 0 0
0 0 0
0 0 0
0 0 0
0 0 0
0 0 0
0 0 0
0 0 0
0 0 0
0 0 0
0 0 0
0 0 0
0 0 0
0 0 0
0 0 0
0 0 0
0 0 0
0 0 0
0 0 0
0 0 0
0 0 0
0 0 0
0 0 0
0 0 0
0 0 0
0 0 0
0 0 0
0 0 0
0 0 0
0 0 0
0 0 0
0 0 0
0 0 0
0 0 0
0 0 0
0 0 0
0 0 0
0 0 0
0 0 0
0 0 0
0 0 0
0 0 0
0 0 0
0 0 0
0 0 0
0 0 0
0 0 0
0 0 0
0 0 0
0 0 0
0 0 0
0 0 0
0 0 0
0 0 0
0 0 0
0 0 0
0 0 0
0 0 0
0 0 0
0 0 0
0 0 0
0 0 0
0 0 0
0 0 0
0 0 0
0 0 0
0 0 0
0 0 0
0 0 0
90 148 181
181 239 255
115 173 222
0 0 0
0 0 0
0 0 0
0 0 0
0 0 0
0 0 0
0 0 0
0 0 0
0 0 0
0 0 0
0 0 0
0 0 0
0 0 0
0 0 0
0 0 0
0 0 0
0 0 0
0 0 0
0 0 0
0 0 0
0 0 0
0 0 0
0 0 0
0 0 0
0 0 0
0 0 0
0 0 0
0 0 0
0 0 0
0 0 0
0 0 0
0 0 0
0 0 0
0 0 0
0 0 0
0 0 0
0 0 0
0 0 0
0 0 0
0 0 0
0 0 0
0 0 0
0 0 0
0 0 0
0 0 0
0 0 0
0 0 0
0 0 0
0 0 0
0 0 0
0 0 0
0 0 0
0 0 0
0 0 0
0 0 0
0 0 0
0 0 0
0 0 0
0 0 0
0 0 0
0 0 0
0 0 0
0 0 0
0 0 0
0 0 0
0 0 0
0 0 0
0 0 0
0 0 0
90 148 181
181 231 255
115 181 222
0 0 0
0 0 0
0 0 0
0 0 0
0 0 0
0 0 0
0 0 0
0 0 0
0 0 0
0 0 0
0 0 0
0 0 0
0 0 0
0 0 0
0 0 0
0 0 0
0 0 0
0 0 0
0 0 0
0 0 0
0 0 0
0 0 0
0 0 0
0 0 0
0 0 0
0 0 0
0 0 0
0 0 0
0 0 0
0 0 0
0 0 0
0 0 0
0 0 0
0 0 0
0 0 0
0 0 0
0 0 0
0 0 0
0 0 0
0 0 0
0 0 0
0 0 0
0 0 0
0 0 0
0 0 0
0 0 0
0 0 0
0 0 0
0 0 0
0 0 0
0 0 0
0 0 0
0 0 0
0 0 0
0 0 0
0 0 0
0 0 0
0 0 0
0 0 0
0 0 0
0 0 0
0 0 0
0 0 0
0 0 0
0 0 0
0 0 0
0 0 0
115 181 231
148 214 255
115 165 206
181 231 255
115 173 214
123 189 231
156 231 255
0 0 0
0 0 0
0 0 0
0 0 0
0 0 0
0 0 0
0 0 0
0 0 0
0 0 0
0 0 0
0 0 0
0 0 0
0 0 0
0 0 0
0 0 0
0 0 0
0 0 0
0 0 0
0 0 0
0 0 0
0 0 0
0 0 0
0 0 0
0 0 0
0 0 0
0 0 0
0 0 0
0 0 0
0 0 0
0 0 0
0 0 0
0 0 0
0 0 0
0 0 0
0 0 0
0 0 0
0 0 0
0 0 0
0 0 0
0 0 0
0 0 0
0 0 0
0 0 0
0 0 0
0 0 0
0 0 0
0 0 0
0 0 0
0 0 0
0 0 0
0 0 0
0 0 0
0 0 0
0 0 0
0 0 0
0 0 0
0 0 0
0 0 0
0 0 0
0 0 0
0 0 0
0 0 0
0 0 0
0 0 0
0 0 0
49 123 173
140 198 239
173 222 255
148 198 239
173 231 255
156 214 255
57 123 173
0 0 0
0 0 0
0 0 0
0 0 0
0 0 0
0 0 0
0 0 0
0 0 0
0 0 0
0 0 0
0 0 0
0 0 0
0 0 0
0 0 0
0 0 0
0 0 0
0 0 0
0 0 0
0 0 0
0 0 0
0 0 0
0 0 0
0 0 0
0 0 0
0 0 0
0 0 0
0 0 0
0 0 0
0 0 0
0 0 0
0 0 0
0 0 0
0 0 0
0 0 0
0 0 0
0 0 0
0 0 0
0 0 0
0 0 0
0 0 0
0 0 0
0 0 0
0 0 0
0 0 0
0 0 0
0 0 0
0 0 0
0 0 0
0 0 0
0 0 0
0 0 0
0 0 0
0 0 0
0 0 0
0 0 0
0 0 0
0 0 0
0 0 0
0 0 0
0 0 0
0 0 0
0 0 0
0 0 0
0 0 0
115 181 239
115 181 231
0 0 0
107 156 198
148 206 247
107 165 198
0 0 0
90 156 206
132 198 255
0 0 0
0 0 0
0 0 0
0 0 0
0 0 0
0 0 0
0 0 0
0 0 0
0 0 0
0 0 0
0 0 0
0 0 0
0 0 0
0 0 0
0 0 0
0 0 0
0 0 0
0 0 0
0 0 0
0 0 0
0 0 0
0 0 0
0 0 0
0 0 0
0 0 0
0 0 0
0 0 0
0 0 0
0 0 0
0 0 0
0 0 0
0 0 0
0 0 0
0 0 0
0 0 0
0 0 0
0 0 0
0 0 0
0 0 0
0 0 0
0 0 0
0 0 0
0 0 0
0 0 0
0 0 0
0 0 0
0 0 0
0 0 0
0 0 0
0 0 0
0 0 0
0 0 0
0 0 0
0 0 0
0 0 0
0 0 0
0 0 0
0 0 0
0 0 0
0 0 0
0 0 0
0 0 0
0 0 0
132 198 255
165 231 255
132 198 239
90 140 181
165 214 255
107 165 198
107 165 206
173 239 255
148 214 255
0 0 0
0 0 0
0 0 0
0 0 0
0 0 0
0 0 0
0 0 0
0 0 0
0 0 0
0 0 0
0 0 0
0 0 0
0 0 0
0 0 0
0 0 0
0 0 0
0 0 0
0 0 0
0 0 0
0 0 0
0 0 0
0 0 0
0 0 0
0 0 0
0 0 0
0 0 0
0 0 0
0 0 0
0 0 0
0 0 0
0 0 0
0 0 0
0 0 0
0 0 0
0 0 0
0 0 0
0 0 0
0 0 0
0 0 0
0 0 0
0 0 0
0 0 0
0 0 0
0 0 0
0 0 0
0 0 0
0 0 0
0 0 0
0 0 0
0 0 0
0 0 0
0 0 0
0 0 0
0 0 0
0 0 0
0 0 0
0 0 0
107 181 239
82 148 198
0 0 0
0 0 0
0 0 0
0 0 0
0 0 0
66 132 198
107 181 247
148 206 247
132 189 231
132 189 239
148 206 255
74 132 189
0 0 0
0 0 0
0 0 0
0 0 0
0 0 0
82 148 189
107 181 231
66 132 198
0 0 0
0 0 0
0 0 0
0 0 0
0 0 0
0 0 0
0 0 0
0 0 0
0 0 0
0 0 0
0 0 0
0 0 0
0 0 0
0 0 0
0 0 0
0 0 0
0 0 0
0 0 0
0 0 0
0 0 0
0 0 0
0 0 0
0 0 0
0 0 0
0 0 0
0 0 0
0 0 0
0 0 0
0 0 0
0 0 0
0 0 0
0 0 0
0 0 0
0 0 0
0 0 0
0 0 0
0 0 0
0 0 0
0 0 0
0 0 0
0 0 0
0 0 0
0 0 0
0 0 0
0 0 0
0 0 0
0 0 0
0 0 0
0 0 0
49 123 189
123 189 247
181 247 255
140 206 255
132 189 247
107 173 222
0 0 0
0 0 0
0 0 0
0 0 0
99 156 198
156 214 255
115 181 222
0 0 0
0 0 0
0 0 0
0 0 0
82 148 206
132 198 247
140 206 255
173 239 255
148 222 255
57 132 198
0 0 0
0 0 0
0 0 0
0 0 0
0 0 0
0 0 0
0 0 0
0 0 0
0 0 0
0 0 0
0 0 0
0 0 0
0 0 0
0 0 0
0 0 0
0 0 0
0 0 0
0 0 0
0 0 0
0 0 0
0 0 0
0 0 0
0 0 0
0 0 0
0 0 0
0 0 0
0 0 0
0 0 0
0 0 0
0 0 0
0 0 0
0 0 0
0 0 0
0 0 0
0 0 0
0 0 0
0 0 0
0 0 0
0 0 0
0 0 0
0 0 0
0 0 0
0 0 0
0 0 0
0 0 0
0 0 0
0 0 0
0 0 0
0 0 0
0 0 0
0 0 0
82 140 198
165 222 255
189 247 255
173 231 255
132 198 231
82 148 198
0 0 0
0 0 0
132 198 239
140 198 247
156 214 255
0 0 0
0 0 0
82 148 189
123 181 222
165 231 255
181 239 255
156 222 255
107 173 222
0 0 0
0 0 0
0 0 0
0 0 0
0 0 0
0 0 0
0 0 0
0 0 0
0 0 0
0 0 0
0 0 0
0 0 0
0 0 0
0 0 0
0 0 0
0 0 0
0 0 0
0 0 0
0 0 0
0 0 0
0 0 0
0 0 0
0 0 0
0 0 0
0 0 0
0 0 0
0 0 0
0 0 0
0 0 0
0 0 0
0 0 0
0 0 0
0 0 0
0 0 0
0 0 0
0 0 0
0 0 0
0 0 0
0 0 0
0 0 0
0 0 0
0 0 0
0 0 0
0 0 0
0 0 0
0 0 0
0 0 0
0 0 0
0 0 0
0 0 0
0 0 0
0 0 0
0 0 0
0 0 0
107 165 206
173 222 255
181 239 255
148 214 247
165 222 255
107 181 239
0 0 0
132 198 247
140 206 247
132 198 247
57 115 173
99 156 206
156 214 255
156 222 255
165 231 255
181 239 255
132 189 231
0 0 0
0 0 0
0 0 0
0 0 0
0 0 0
0 0 0
0 0 0
0 0 0
0 0 0
0 0 0
0 0 0
0 0 0
0 0 0
0 0 0
0 0 0
0 0 0
0 0 0
0 0 0
0 0 0
0 0 0
0 0 0
0 0 0
0 0 0
0 0 0
0 0 0
0 0 0
0 0 0
0 0 0
0 0 0
0 0 0
0 0 0
0 0 0
0 0 0
0 0 0
0 0 0
0 0 0
0 0 0
0 0 0
0 0 0
0 0 0
0 0 0
0 0 0
0 0 0
0 0 0
0 0 0
0 0 0
107 165 222
0 0 0
0 0 0
0 0 0
0 0 0
0 0 0
0 0 0
0 0 0
0 0 0
0 0 0
57 132 181
82 156 198
165 231 255
148 214 247
115 181 222
107 173 214
90 148 181
82 140 181
82 140 181
107 165 206
115 181 222
148 206 255
156 214 255
123 181 231
74 132 189
0 0 0
0 0 0
0 0 0
0 0 0
0 0 0
0 0 0
0 0 0
0 0 0
0 0 0
90 156 198
66 132 181
0 0 0
0 0 0
0 0 0
0 0 0
0 0 0
0 0 0
0 0 0
0 0 0
0 0 0
0 0 0
0 0 0
0 0 0
0 0 0
0 0 0
0 0 0
0 0 0
0 0 0
0 0 0
0 0 0
0 0 0
0 0 0
0 0 0
0 0 0
0 0 0
0 0 0
0 0 0
0 0 0
0 0 0
0 0 0
0 0 0
0 0 0
0 0 0
0 0 0
0 0 0
0 0 0
82 156 222
173 231 255
74 132 189
0 0 0
0 0 0
0 0 0
0 0 0
0 0 0
0 0 0
0 0 0
0 0 0
57 123 181
0 0 0
74 140 173
132 198 231
140 206 247
74 140 181
148 206 239
107 173 206
148 206 247
82 148 189
123 181 231
140 206 247
107 165 214
0 0 0
74 132 189
0 0 0
0 0 0
0 0 0
0 0 0
0 0 0
0 0 0
0 0 0
0 0 0
0 0 0
165 222 255
132 198 239
0 0 0
0 0 0
0 0 0
0 0 0
0 0 0
0 0 0
0 0 0
0 0 0
0 0 0
0 0 0
0 0 0
0 0 0
0 0 0
0 0 0
0 0 0
0 0 0
0 0 0
0 0 0
0 0 0
0 0 0
0 0 0
0 0 0
0 0 0
0 0 0
0 0 0
0 0 0
0 0 0
0 0 0
0 0 0
0 0 0
0 0 0
0 0 0
0 0 0
0 0 0
0 0 0
99 165 231
181 247 255
57 123 156
0 0 0
0 0 0
0 0 0
0 0 0
0 0 0
0 0 0
0 0 0
0 0 0
99 165 222
148 214 255
74 140 181
0 0 0
82 140 189
99 156 206
173 231 255
90 148 189
173 231 255
99 165 206
99 165 198
0 0 0
74 132 173
148 206 255
115 181 239
0 0 0
0 0 0
0 0 0
0 0 0
0 0 0
0 0 0
0 0 0
0 0 0
0 0 0
165 231 255
140 198 231
0 0 0
0 0 0
0 0 0
0 0 0
0 0 0
0 0 0
0 0 0
0 0 0
0 0 0
0 0 0
0 0 0
0 0 0
0 0 0
0 0 0
0 0 0
0 0 0
0 0 0
0 0 0
0 0 0
0 0 0
0 0 0
0 0 0
0 0 0
0 0 0
0 0 0
0 0 0
0 0 0
0 0 0
0 0 0
0 0 0
0 0 0
0 0 0
0 0 0
0 0 0
0 0 0
115 189 255
173 239 255
82 140 181
0 0 0
0 0 0
0 0 0
0 0 0
0 0 0
0 0 0
0 0 0
0 0 0
0 0 0
181 247 255
181 247 255
132 189 231
115 173 231
107 165 214
156 222 255
115 173 214
156 222 255
99 165 198
132 189 231
123 181 222
173 231 255
181 239 255
90 148 206
0 0 0
0 0 0
0 0 0
0 0 0
0 0 0
0 0 0
0 0 0
0 0 0
57 132 189
148 214 247
148 206 239
57 123 181
0 0 0
0 0 0
0 0 0
0 0 0
0 0 0
0 0 0
0 0 0
0 0 0
0 0 0
0 0 0
0 0 0
0 0 0
0 0 0
0 0 0
0 0 0
0 0 0
0 0 0
0 0 0
0 0 0
0 0 0
0 0 0
0 0 0
0 0 0
57 123 189
0 0 0
0 0 0
0 0 0
82 148 198
66 123 181
0 0 0
74 140 206
0 0 0
0 0 0
66 123 181
165 231 255
181 231 255
140 198 231
0 0 0
0 0 0
0 0 0
0 0 0
0 0 0
0 0 0
0 0 0
0 0 0
0 0 0
82 148 198
107 173 214
148 206 255
123 173 231
107 156 214
99 156 214
82 140 198
107 173 222
90 156 206
107 173 214
140 198 247
123 181 222
115 173 222
0 0 0
0 0 0
0 0 0
0 0 0
0 0 0
0 0 0
0 0 0
0 0 0
0 0 0
99 165 206
189 247 255
181 231 255
82 148 198
0 0 0
0 0 0
66 132 198
0 0 0
0 0 0
90 148 206
0 0 0
0 0 0
57 115 173
57 123 173
0 0 0
0 0 0
0 0 0
0 0 0
0 0 0
0 0 0
0 0 0
0 0 0
0 0 0
0 0 0
0 0 0
0 0 0
99 165 231
165 231 255
148 206 255
74 140 189
0 0 0
148 214 255
115 173 239
66 132 189
156 222 255
82 148 206
0 0 0
49 115 173
156 222 255
173 231 255
132 189 214
0 0 0
0 0 0
0 0 0
0 0 0
0 0 0
0 0 0
0 0 0
0 0 0
0 0 0
0 0 0
0 0 0
132 189 239
99 148 206
57 107 173
74 140 198
0 0 0
74 132 189
49 115 165
74 140 181
148 206 247
57 115 156
0 0 0
0 0 0
0 0 0
0 0 0
0 0 0
0 0 0
0 0 0
0 0 0
0 0 0
0 0 0
82 140 189
189 247 255
173 222 255
74 140 189
0 0 0
57 123 189
156 222 255
82 140 214
99 156 222
148 214 255
57 123 173
49 115 173
132 198 255
165 231 255
123 198 247
123 198 247
123 198 247
123 198 247
123 198 247
123 198 247
123 198 247
123 198 247
123 198 247
123 198 247
123 198 247
123 198 247
74 148 206
156 222 255
181 247 255
156 222 247
123 181 214
140 206 231
123 181 214
66 123 165
173 231 255
90 148 198
0 0 0
57 123 165
148 214 255
181 231 255
115 165 198
0 0 0
99 173 239
0 0 0
0 0 0
0 0 0
0 0 0
0 0 0
0 0 0
0 0 0
0 0 0
66 132 181
165 222 255
165 222 255
107 165 206
132 189 239
74 132 181
123 181 231
99 156 206
148 206 255
156 222 255
82 148 198
49 123 181
0 0 0
0 0 0
0 0 0
0 0 0
0 0 0
0 0 0
0 0 0
90 156 214
57 123 181
82 140 198
173 222 255
165 222 255
74 140 198
0 0 0
0 0 0
165 231 255
90 148 198
107 156 206
165 222 255
123 173 214
140 198 247
181 239 255
173 239 255
90 165 214
90 165 214
90 165 214
90 165 214
90 165 214
90 165 214
90 165 214
90 165 214
90 165 214
90 165 214
90 165 214
90 165 214
0 0 0
74 140 189
115 181 222
156 222 247
165 222 255
148 214 239
140 206 231
57 115 156
156 214 255
66 123 181
0 0 0
74 132 181
165 231 255
165 214 247
140 189 222
57 123 181
156 222 255
107 181 255
0 0 0
0 0 0
0 0 0
0 0 0
0 0 0
0 0 0
140 222 255
156 231 255
123 181 222
148 198 247
90 148 189
115 173 222
66 123 173
123 181 222
74 132 181
140 206 247
115 189 231
156 222 255
156 222 255
0 0 0
0 0 0
0 0 0
0 0 0
0 0 0
0 0 0
82 148 206
173 239 255
74 132 189
99 165 222
156 214 247
173 231 255
107 165 222
0 0 0
0 0 0
148 214 255
90 148 198
99 148 198
165 222 255
156 214 255
173 222 255
123 181 231
90 156 206
0 0 0
0 0 0
0 0 0
0 0 0
0 0 0
0 0 0
0 0 0
0 0 0
0 0 0
0 0 0
0 0 0
0 0 0
0 0 0
0 0 0
0 0 0
90 165 206
148 214 247
140 206 231
107 165 189
123 181 214
132 189 231
49 115 165
0 0 0
0 0 0
132 198 247
148 198 239
123 165 206
57 115 165
165 231 255
140 206 255
0 0 0
0 0 0
0 0 0
0 0 0
0 0 0
0 0 0
82 165 231
57 132 189
90 156 206
148 214 255
107 173 214
82 132 181
0 0 0
66 123 165
107 173 214
140 206 247
107 173 222
0 0 0
99 181 239
0 0 0
0 0 0
0 0 0
0 0 0
0 0 0
0 0 0
115 181 222
181 247 255
74 140 198
66 132 189
173 222 255
140 189 239
49 123 173
0 0 0
0 0 0
123 198 231
123 181 214
123 181 222
132 189 222
156 214 255
115 181 222
0 0 0
0 0 0
0 0 0
0 0 0
0 0 0
0 0 0
0 0 0
0 0 0
0 0 0
0 0 0
0 0 0
0 0 0
0 0 0
0 0 0
0 0 0
0 0 0
82 148 206
156 222 255
165 222 255
82 148 173
115 173 198
123 181 214
132 198 231
123 189 239
99 165 214
57 123 173
107 173 222
165 206 247
82 132 173
57 115 165
156 222 255
90 156 214
0 0 0
0 0 0
123 189 255
66 140 214
0 0 0
0 0 0
0 0 0
0 0 0
57 123 173
90 156 198
165 222 255
165 214 255
90 148 189
156 214 255
165 231 255
90 156 206
74 140 189
0 0 0
0 0 0
0 0 0
0 0 0
0 0 0
115 181 255
90 156 222
0 0 0
66 123 173
165 222 255
82 148 214
66 132 189
123 181 222
132 181 231
66 140 189
90 165 214
132 198 239
107 173 214
140 198 239
107 165 198
90 148 181
148 206 239
156 222 255
99 165 214
0 0 0
0 0 0
0 0 0
0 0 0
0 0 0
0 0 0
0 0 0
0 0 0
0 0 0
0 0 0
0 0 0
0 0 0
0 0 0
0 0 0
0 0 0
66 140 214
90 156 222
57 123 181
66 132 181
107 173 222
140 198 247
132 198 247
132 198 247
148 214 255
107 173 222
99 165 214
107 156 189
115 165 198
132 198 239
132 198 239
123 189 239
115 181 222
140 206 247
165 231 255
57 132 189
0 0 0
0 0 0
0 0 0
0 0 0
0 0 0
0 0 0
57 123 173
140 198 247
107 165 214
132 189 239
82 140 189
0 0 0
0 0 0
0 0 0
0 0 0
0 0 0
0 0 0
57 132 198
148 214 255
156 214 255
115 173 214
132 198 231
123 181 214
123 198 239
90 165 206
115 173 206
107 165 206
107 165 222
132 198 247
123 198 239
123 198 239
132 189 239
148 206 255
74 140 189
0 0 0
99 165 222
82 156 214
0 0 0
0 0 0
0 0 0
0 0 0
0 0 0
0 0 0
0 0 0
0 0 0
0 0 0
0 0 0
0 0 0
0 0 0
0 0 0
0 0 0
0 0 0
0 0 0
0 0 0
90 156 214
156 222 255
156 214 255
74 132 181
66 123 173
148 214 255
123 189 239
0 0 0
132 198 247
173 222 255
148 198 231
107 165 214
74 140 181
99 165 206
165 231 255
132 198 247
66 132 173
0 0 0
0 0 0
0 0 0
0 0 0
0 0 0
82 148 206
99 165 214
0 0 0
115 165 222
123 181 231
140 198 239
0 0 0
74 140 189
107 173 231
0 0 0
0 0 0
0 0 0
0 0 0
0 0 0
0 0 0
115 181 222
165 222 255
132 189 222
74 132 165
107 181 222
99 173 214
181 239 255
148 206 247
57 123 181
99 165 222
148 214 255
99 165 214
57 115 165
132 189 247
165 231 255
115 189 239
0 0 0
0 0 0
0 0 0
0 0 0
0 0 0
0 0 0
0 0 0
0 0 0
0 0 0
0 0 0
0 0 0
0 0 0
0 0 0
0 0 0
0 0 0
0 0 0
0 0 0
0 0 0
0 0 0
132 206 255
115 181 255
0 0 0
0 0 0
0 0 0
66 123 173
107 165 214
107 173 206
107 173 206
99 156 198
165 222 255
82 156 206
0 0 0
74 148 189
165 222 255
140 198 239
140 206 239
0 0 0
0 0 0
0 0 0
0 0 0
0 0 0
123 181 239
189 255 255
132 198 239
148 214 255
99 173 214
132 198 239
132 198 231
181 247 255
140 214 255
0 0 0
0 0 0
0 0 0
0 0 0
57 123 181
123 181 239
140 206 247
148 214 255
123 189 239
0 0 0
66 140 173
140 214 247
115 173 214
107 156 198
115 173 231
99 156 214
82 148 189
0 0 0
0 0 0
0 0 0
99 165 231
148 222 255
74 148 206
0 0 0
0 0 0
0 0 0
0 0 0
0 0 0
0 0 0
0 0 0
0 0 0
0 0 0
0 0 0
0 0 0
0 0 0
0 0 0
0 0 0
0 0 0
0 0 0
0 0 0
0 0 0
0 0 0
0 0 0
0 0 0
0 0 0
66 123 181
99 165 214
107 165 214
107 173 214
173 239 255
148 206 247
90 148 189
0 0 0
66 132 181
115 181 231
90 156 198
123 181 222
115 173 214
0 0 0
0 0 0
82 156 222
0 0 0
0 0 0
49 115 173
99 165 214
140 206 247
132 206 239
82 148 189
132 198 239
140 206 247
123 189 231
66 140 189
0 0 0
0 0 0
66 140 198
66 140 198
0 0 0
82 148 198
140 198 247
99 156 206
107 173 222
74 140 189
0 0 0
74 148 181
148 198 239
181 239 255
132 189 247
99 156 214
107 173 214
57 123 165
0 0 0
0 0 0
0 0 0
0 0 0
0 0 0
0 0 0
0 0 0
0 0 0
0 0 0
0 0 0
0 0 0
0 0 0
0 0 0
0 0 0
0 0 0
0 0 0
0 0 0
0 0 0
0 0 0
0 0 0
0 0 0
0 0 0
0 0 0
0 0 0
0 0 0
57 115 173
132 189 231
156 214 255
140 198 239
132 189 222
115 173 222
107 173 214
132 206 247
74 148 198
0 0 0
57 123 189
115 181 239
82 148 189
165 222 255
140 198 231
0 0 0
107 173 222
173 247 255
74 140 198
0 0 0
0 0 0
82 148 181
140 206 239
115 198 247
0 0 0
99 173 214
148 214 255
74 140 181
0 0 0
0 0 0
0 0 0
156 222 255
140 206 255
0 0 0
115 181 214
156 222 255
90 156 198
99 173 214
82 156 206
0 0 0
74 140 198
140 181 231
123 165 214
107 165 214
140 198 247
140 206 231
148 222 247
140 206 247
57 123 173
0 0 0
0 0 0
0 0 0
0 0 0
0 0 0
0 0 0
0 0 0
0 0 0
0 0 0
0 0 0
0 0 0
0 0 0
0 0 0
0 0 0
0 0 0
0 0 0
0 0 0
0 0 0
0 0 0
0 0 0
0 0 0
0 0 0
99 165 222
148 214 255
156 222 255
148 206 247
173 231 255
115 173 206
57 115 165
132 189 239
107 181 222
74 140 189
82 148 214
140 214 255
57 123 181
0 0 0
140 189 231
148 198 239
0 0 0
107 173 222
156 231 255
66 132 189
57 123 173
123 181 231
148 214 255
90 148 189
49 132 181
0 0 0
49 123 165
74 140 189
132 198 247
140 206 255
57 132 181
0 0 0
156 222 255
132 198 247
0 0 0
115 173 214
156 222 255
0 0 0
0 0 0
123 198 247
90 165 214
66 132 189
123 165 214
140 189 239
82 132 181
99 148 198
165 222 255
148 214 239
165 231 255
148 222 255
99 173 231
0 0 0
0 0 0
0 0 0
0 0 0
0 0 0
0 0 0
0 0 0
0 0 0
0 0 0
0 0 0
0 0 0
0 0 0
0 0 0
0 0 0
0 0 0
0 0 0
0 0 0
0 0 0
0 0 0
0 0 0
66 123 156
173 231 255
181 239 255
173 239 255
140 206 247
99 165 206
0 0 0
90 148 181
148 214 247
107 165 214
57 115 165
107 173 214
90 156 198
82 148 181
107 173 206
99 156 198
115 165 214
140 198 239
156 214 255
140 206 239
115 173 214
156 214 255
107 165 222
57 123 148
107 173 198
173 231 255
66 132 165
148 206 231
140 189 222
66 123 156
82 148 181
165 231 255
107 173 214
132 198 231
148 214 247
156 222 255
107 173 214
90 148 198
115 181 222
82 132 181
99 148 189
115 173 214
66 123 165
90 156 189
140 206 247
99 173 222
0 0 0
82 148 189
140 206 247
173 231 255
173 231 255
181 239 255
99 156 198
0 0 0
0 0 0
0 0 0
0 0 0
0 0 0
0 0 0
0 0 0
0 0 0
0 0 0
0 0 0
0 0 0
0 0 0
0 0 0
0 0 0
0 0 0
0 0 0
0 0 0
0 0 0
107 165 214
173 222 255
173 231 255
173 231 255
107 173 206
0 0 0
74 140 181
132 198 239
181 239 255
140 198 231
132 189 239
156 214 255
165 231 255
107 173 206
132 198 231
165 231 255
148 206 255
123 181 231
107 156 206
107 165 214
156 222 255
123 189 222
74 140 189
90 148 206
156 222 247
189 247 255
165 222 255
74 132 165
156 214 239
173 231 255
173 239 255
107 173 206
49 123 165
115 189 231
140 198 239
132 198 231
90 148 189
123 189 231
132 189 239
148 206 255
173 222 255
115 165 214
165 222 255
173 222 255
123 189 231
132 198 239
165 239 255
140 206 255
90 156 198
0 0 0
107 165 189
165 231 255
173 231 255
156 214 255
115 181 239
0 0 0
0 0 0
0 0 0
0 0 0
0 0 0
0 0 0
0 0 0
0 0 0
0 0 0
0 0 0
0 0 0
0 0 0
0 0 0
0 0 0
0 0 0
0 0 0
82 165 231
140 214 255
148 222 255
49 123 181
66 140 198
0 0 0
0 0 0
99 173 231
156 231 255
148 222 255
49 123 181
0 0 0
132 206 247
107 173 239
140 214 255
123 189 247
90 156 206
0 0 0
82 148 189
156 222 255
107 165 214
0 0 0
49 115 165
132 198 239
181 247 255
181 239 255
173 231 247
173 231 255
74 132 173
148 206 239
181 239 255
173 239 255
181 247 255
148 214 255
49 115 165
57 115 165
82 148 189
140 206 247
115 181 222
0 0 0
74 148 198
99 173 222
156 222 255
107 165 206
156 214 255
57 123 165
0 0 0
132 206 255
165 239 255
115 189 255
57 140 198
0 0 0
66 140 189
66 132 189
115 189 239
165 239 255
99 173 239
0 0 0
0 0 0
0 0 0
0 0 0
0 0 0
0 0 0
0 0 0
0 0 0
0 0 0
0 0 0
0 0 0
0 0 0
0 0 0
0 0 0
0 0 0
0 0 0
57 140 198
0 0 0
0 0 0
0 0 0
0 0 0
0 0 0
0 0 0
0 0 0
0 0 0
0 0 0
0 0 0
148 214 255
99 165 222
74 140 198
66 132 189
0 0 0
82 140 181
148 206 255
148 214 255
156 214 255
82 148 198
57 115 165
74 132 181
132 189 231
181 239 255
181 239 255
115 173 214
0 0 0
107 165 198
173 231 255
173 231 255
140 206 239
90 156 206
49 115 156
57 115 165
140 206 247
148 214 255
140 206 247
74 148 189
0 0 0
0 0 0
90 156 214
82 140 181
165 222 255
57 123 165
0 0 0
49 123 181
0 0 0
0 0 0
0 0 0
0 0 0
0 0 0
0 0 0
0 0 0
66 140 198
66 140 206
0 0 0
0 0 0
0 0 0
0 0 0
0 0 0
0 0 0
0 0 0
0 0 0
0 0 0
0 0 0
0 0 0
0 0 0
0 0 0
0 0 0
0 0 0
0 0 0
0 0 0
0 0 0
0 0 0
0 0 0
0 0 0
0 0 0
0 0 0
0 0 0
0 0 0
0 0 0
0 0 0
140 214 255
82 156 239
0 0 0
0 0 0
0 0 0
156 231 255
173 247 255
90 156 206
115 181 239
90 156 206
132 198 239
115 181 206
82 148 173
74 132 181
74 132 181
57 115 148
107 165 198
0 0 0
66 123 173
99 156 198
74 132 173
107 165 198
165 222 255
57 123 165
148 222 255
74 148 198
156 231 255
173 247 255
66 140 206
0 0 0
0 0 0
49 132 198
132 214 255
66 140 206
0 0 0
0 0 0
0 0 0
0 0 0
0 0 0
0 0 0
0 0 0
0 0 0
0 0 0
0 0 0
0 0 0
0 0 0
0 0 0
0 0 0
0 0 0
0 0 0
0 0 0
0 0 0
0 0 0
0 0 0
0 0 0
0 0 0
0 0 0
0 0 0
0 0 0
0 0 0
0 0 0
0 0 0
0 0 0
0 0 0
0 0 0
0 0 0
0 0 0
0 0 0
0 0 0
0 0 0
0 0 0
0 0 0
0 0 0
0 0 0
0 0 0
0 0 0
0 0 0
74 148 189
74 140 181
0 0 0
140 206 255
82 148 198
123 189 231
181 255 255
165 231 255
66 123 173
49 107 156
156 214 247
181 239 255
173 231 255
74 132 173
0 0 0
156 214 255
173 231 255
165 222 255
66 132 165
132 206 247
0 0 0
57 132 189
74 148 214
0 0 0
0 0 0
0 0 0
0 0 0
49 132 189
0 0 0
0 0 0
0 0 0
0 0 0
0 0 0
0 0 0
0 0 0
0 0 0
0 0 0
0 0 0
0 0 0
0 0 0
0 0 0
0 0 0
0 0 0
0 0 0
0 0 0
0 0 0
0 0 0
0 0 0
0 0 0
0 0 0
0 0 0
0 0 0
0 0 0
0 0 0
0 0 0
0 0 0
0 0 0
0 0 0
0 0 0
0 0 0
0 0 0
0 0 0
0 0 0
0 0 0
0 0 0
0 0 0
0 0 0
0 0 0
0 0 0
0 0 0
0 0 0
0 0 0
0 0 0
0 0 0
0 0 0
123 189 255
74 140 198
132 198 239
165 239 255
165 231 247
90 156 198
90 148 198
181 247 255
173 239 255
173 239 255
123 189 222
74 132 165
181 231 255
181 239 255
165 214 239
57 132 165
148 214 255
0 0 0
0 0 0
0 0 0
0 0 0
0 0 0
0 0 0
0 0 0
0 0 0
0 0 0
0 0 0
0 0 0
0 0 0
0 0 0
0 0 0
0 0 0
0 0 0
0 0 0
0 0 0
0 0 0
0 0 0
0 0 0
0 0 0
0 0 0
0 0 0
0 0 0
0 0 0
0 0 0
0 0 0
0 0 0
0 0 0
0 0 0
0 0 0
0 0 0
0 0 0
0 0 0
0 0 0
0 0 0
0 0 0
0 0 0
0 0 0
0 0 0
0 0 0
0 0 0
0 0 0
0 0 0
0 0 0
0 0 0
0 0 0
0 0 0
0 0 0
0 0 0
0 0 0
0 0 0
0 0 0
0 0 0
132 198 255
82 148 214
132 198 239
165 239 255
181 255 255
99 165 206
66 123 173
181 239 255
173 239 255
173 239 255
107 173 206
49 107 148
181 239 255
181 239 255
165 222 247
57 123 165
140 214 255
0 0 0
0 0 0
0 0 0
0 0 0
0 0 0
0 0 0
0 0 0
0 0 0
0 0 0
0 0 0
0 0 0
0 0 0
0 0 0
0 0 0
0 0 0
0 0 0
0 0 0
0 0 0
0 0 0
0 0 0
0 0 0
0 0 0
0 0 0
0 0 0
0 0 0
0 0 0
0 0 0
0 0 0
0 0 0
0 0 0
0 0 0
0 0 0
0 0 0
0 0 0
0 0 0
0 0 0
0 0 0
0 0 0
0 0 0
0 0 0
0 0 0
0 0 0
0 0 0
0 0 0
0 0 0
0 0 0
0 0 0
99 181 231
57 140 206
0 0 0
0 0 0
0 0 0
132 206 247
148 214 255
57 123 165
123 189 222
90 156 206
132 198 247
165 231 255
107 165 206
57 115 156
57 115 165
99 156 214
148 214 255
107 181 222
57 123 165
57 115 148
90 148 181
156 214 247
173 222 255
66 132 181
140 206 255
0 0 0
132 206 239
148 222 255
74 148 181
0 0 0
0 0 0
0 0 0
107 181 231
0 0 0
0 0 0
0 0 0
0 0 0
0 0 0
0 0 0
0 0 0
0 0 0
0 0 0
0 0 0
0 0 0
0 0 0
0 0 0
0 0 0
0 0 0
0 0 0
0 0 0
0 0 0
0 0 0
0 0 0
0 0 0
0 0 0
0 0 0
0 0 0
0 0 0
0 0 0
0 0 0
0 0 0
0 0 0
0 0 0
0 0 0
0 0 0
0 0 0
0 0 0
0 0 0
0 0 0
0 0 0
0 0 0
0 0 0
156 239 255
90 173 239
0 0 0
0 0 0
0 0 0
132 206 239
165 239 255
132 198 239
148 214 255
82 148 198
82 148 198
57 132 165
74 140 173
165 222 255
148 198 247
74 132 189
0 0 0
57 132 173
123 198 231
165 231 255
99 156 189
57 115 156
107 156 198
66 123 173
148 222 255
115 189 231
165 239 255
148 222 255
0 0 0
0 0 0
0 0 0
82 148 198
165 239 255
74 148 206
0 0 0
0 0 0
0 0 0
0 0 0
0 0 0
0 0 0
0 0 0
0 0 0
0 0 0
0 0 0
0 0 0
0 0 0
0 0 0
0 0 0
0 0 0
0 0 0
0 0 0
0 0 0
0 0 0
0 0 0
0 0 0
0 0 0
0 0 0
0 0 0
0 0 0
0 0 0
82 165 231
132 198 255
115 173 222
0 0 0
0 0 0
0 0 0
0 0 0
49 132 181
99 181 231
123 189 231
0 0 0
0 0 0
140 206 239
99 165 206
132 198 247
90 156 214
0 0 0
0 0 0
90 148 189
156 222 255
132 189 231
57 115 165
0 0 0
132 198 231
189 255 255
173 231 255
189 247 255
165 239 255
49 123 156
140 206 239
173 239 255
156 222 255
181 247 255
156 222 255
0 0 0
0 0 0
90 156 206
165 231 255
107 173 214
0 0 0
0 0 0
74 140 206
140 214 255
99 156 198
140 206 239
0 0 0
0 0 0
107 173 222
115 189 239
74 148 198
0 0 0
0 0 0
0 0 0
0 0 0
82 148 198
132 214 255
90 173 231
0 0 0
0 0 0
0 0 0
0 0 0
0 0 0
0 0 0
0 0 0
0 0 0
0 0 0
0 0 0
0 0 0
0 0 0
0 0 0
0 0 0
0 0 0
57 140 198
132 198 247
181 239 255
140 206 247
140 198 239
74 148 198
0 0 0
90 173 222
156 239 255
165 239 255
99 165 206
115 189 222
140 214 247
156 231 255
123 189 239
148 222 255
148 206 255
115 173 222
132 189 239
107 165 206
99 156 198
99 156 206
90 156 198
82 148 181
123 189 222
189 239 255
173 222 255
156 231 255
57 132 165
140 214 247
173 247 255
181 247 255
140 198 231
99 156 198
82 140 189
107 173 222
82 148 198
107 181 222
115 181 222
107 181 222
140 206 255
148 222 255
132 206 255
140 198 239
173 239 255
123 181 231
107 173 222
156 231 255
173 247 255
123 189 239
0 0 0
57 132 181
115 181 231
132 206 247
156 231 255
148 231 255
66 148 206
0 0 0
0 0 0
0 0 0
0 0 0
0 0 0
0 0 0
0 0 0
0 0 0
0 0 0
0 0 0
0 0 0
0 0 0
0 0 0
0 0 0
0 0 0
0 0 0
0 0 0
99 165 214
156 231 255
181 247 255
156 231 255
90 165 198
0 0 0
66 140 173
132 206 231
165 222 255
123 189 231
99 156 206
140 206 255
82 148 189
90 165 198
148 214 247
132 198 231
99 165 206
123 189 231
140 206 247
156 222 255
140 214 247
115 189 222
57 132 173
82 148 189
156 222 255
156 231 255
66 132 173
148 214 255
156 222 255
107 173 222
66 140 181
107 181 222
140 214 255
148 214 255
165 222 255
115 181 239
99 165 214
107 173 222
140 206 255
115 181 222
66 132 173
140 206 255
99 173 222
99 165 206
148 214 255
148 214 247
74 132 173
57 107 148
99 148 189
156 214 247
189 255 255
165 239 255
107 181 231
49 132 189
0 0 0
0 0 0
0 0 0
0 0 0
0 0 0
0 0 0
0 0 0
0 0 0
0 0 0
0 0 0
0 0 0
0 0 0
0 0 0
0 0 0
0 0 0
0 0 0
0 0 0
0 0 0
0 0 0
140 206 247
173 239 255
156 231 255
148 222 255
156 231 255
66 140 173
0 0 0
148 214 247
123 181 231
57 115 165
74 140 181
140 206 255
74 140 173
57 123 156
90 148 189
140 206 247
99 165 206
123 181 231
140 214 247
66 140 173
107 181 222
156 222 255
90 156 198
57 123 165
107 181 222
49 123 156
82 148 189
66 132 181
90 156 206
132 206 247
123 198 239
57 132 173
132 198 247
140 198 247
90 156 214
115 181 239
123 189 239
66 132 181
0 0 0
140 206 247
90 156 206
0 0 0
115 181 231
156 214 255
57 115 156
57 115 156
156 214 247
173 222 255
165 222 255
165 231 255
140 214 247
74 148 198
0 0 0
0 0 0
0 0 0
0 0 0
0 0 0
0 0 0
0 0 0
0 0 0
0 0 0
0 0 0
0 0 0
0 0 0
0 0 0
0 0 0
0 0 0
0 0 0
0 0 0
0 0 0
0 0 0
0 0 0
0 0 0
82 156 206
156 231 255
156 222 255
148 214 255
148 206 247
123 181 231
99 165 206
99 165 206
82 156 198
74 148 206
74 140 198
66 140 181
0 0 0
156 222 255
132 206 247
0 0 0
123 189 247
165 247 255
74 156 206
0 0 0
0 0 0
115 198 231
140 222 255
82 156 198
0 0 0
90 156 206
140 198 247
123 189 239
57 132 189
0 0 0
0 0 0
165 239 255
148 214 255
0 0 0
107 181 231
165 231 255
66 132 181
82 148 181
90 156 189
82 148 214
74 140 206
99 165 206
99 165 206
115 181 222
132 189 231
140 206 247
148 214 255
165 239 255
82 165 206
0 0 0
0 0 0
0 0 0
0 0 0
0 0 0
0 0 0
0 0 0
0 0 0
0 0 0
0 0 0
0 0 0
0 0 0
0 0 0
0 0 0
0 0 0
0 0 0
0 0 0
0 0 0
0 0 0
0 0 0
0 0 0
0 0 0
0 0 0
0 0 0
66 140 181
99 165 206
123 189 231
107 173 214
99 165 206
156 222 255
173 239 255
90 165 206
0 0 0
66 140 198
140 222 255
74 148 189
132 206 247
107 181 222
0 0 0
74 148 198
123 206 255
0 0 0
0 0 0
0 0 0
57 140 165
107 189 222
140 214 255
74 140 189
123 189 231
140 198 247
74 148 198
0 0 0
0 0 0
0 0 0
132 198 247
90 156 206
0 0 0
90 156 206
140 214 255
82 148 206
132 198 231
99 156 198
0 0 0
66 140 198
156 222 255
156 222 255
115 173 222
115 173 214
123 181 231
123 181 231
74 148 189
0 0 0
0 0 0
0 0 0
0 0 0
0 0 0
0 0 0
0 0 0
0 0 0
0 0 0
0 0 0
0 0 0
0 0 0
0 0 0
0 0 0
0 0 0
0 0 0
0 0 0
0 0 0
0 0 0
0 0 0
0 0 0
0 0 0
82 165 214
66 140 189
0 0 0
0 0 0
0 0 0
0 0 0
115 181 231
115 173 231
148 206 255
99 156 198
115 181 214
82 156 206
57 132 181
82 156 198
107 181 222
123 206 247
132 206 247
0 0 0
0 0 0
0 0 0
0 0 0
0 0 0
90 165 206
173 239 255
148 222 255
140 214 255
99 173 214
140 206 239
156 214 247
173 239 255
132 198 239
0 0 0
0 0 0
0 0 0
0 0 0
0 0 0
115 181 239
148 206 255
115 181 231
90 156 206
66 123 173
66 148 181
99 181 214
99 165 206
123 189 231
132 206 255
90 173 222
66 140 189
0 0 0
0 0 0
0 0 0
49 123 173
90 165 214
66 140 198
0 0 0
0 0 0
0 0 0
0 0 0
0 0 0
0 0 0
0 0 0
0 0 0
0 0 0
0 0 0
0 0 0
0 0 0
0 0 0
0 0 0
0 0 0
0 0 0
0 0 0
0 0 0
132 214 255
173 247 255
99 181 222
0 0 0
57 132 189
123 198 247
107 173 222
66 123 181
107 165 222
156 214 255
165 222 255
82 156 206
0 0 0
82 156 198
165 239 255
107 181 222
57 140 181
0 0 0
0 0 0
0 0 0
0 0 0
0 0 0
115 189 231
156 231 255
66 140 181
115 189 231
99 173 214
132 189 231
74 132 165
156 222 255
140 206 255
0 0 0
0 0 0
0 0 0
0 0 0
0 0 0
49 123 181
107 165 214
165 231 255
123 189 231
0 0 0
82 156 189
140 214 247
173 239 255
132 198 239
49 132 173
90 165 214
140 214 255
74 140 198
0 0 0
82 148 206
156 231 255
156 231 255
0 0 0
0 0 0
0 0 0
0 0 0
0 0 0
0 0 0
0 0 0
0 0 0
0 0 0
0 0 0
0 0 0
0 0 0
0 0 0
0 0 0
0 0 0
0 0 0
0 0 0
0 0 0
57 132 173
57 123 165
99 173 206
148 214 255
115 189 239
99 173 214
140 214 255
140 206 255
99 165 206
123 181 231
140 198 239
115 173 214
123 198 239
115 181 231
123 189 231
148 214 255
148 214 255
132 189 239
0 0 0
0 0 0
0 0 0
0 0 0
0 0 0
0 0 0
0 0 0
0 0 0
123 189 231
99 165 206
140 206 247
0 0 0
0 0 0
0 0 0
0 0 0
0 0 0
0 0 0
0 0 0
0 0 0
115 181 239
156 222 255
140 206 255
140 214 255
99 165 214
140 206 247
99 165 214
123 181 214
132 189 231
90 165 206
107 181 222
140 214 247
123 198 231
107 173 214
156 222 255
115 189 222
66 140 173
57 123 181
0 0 0
0 0 0
0 0 0
0 0 0
0 0 0
0 0 0
0 0 0
0 0 0
0 0 0
0 0 0
0 0 0
0 0 0
0 0 0
0 0 0
0 0 0
0 0 0
99 173 231
165 231 255
132 198 247
57 123 165
90 156 198
123 198 247
123 198 239
132 206 247
140 214 255
90 148 198
99 156 206
115 181 214
107 165 206
74 148 189
140 206 255
99 165 206
0 0 0
74 140 181
173 239 255
74 148 206
0 0 0
0 0 0
0 0 0
0 0 0
0 0 0
0 0 0
115 206 247
156 222 255
99 165 206
156 222 255
132 206 247
66 140 189
0 0 0
0 0 0
0 0 0
0 0 0
0 0 0
57 140 198
140 214 255
115 189 231
0 0 0
66 132 181
148 222 255
99 165 214
90 156 198
123 181 214
107 165 206
90 165 206
123 198 239
132 206 239
115 181 222
132 198 239
99 165 206
57 123 165
99 173 214
156 231 255
132 206 255
0 0 0
0 0 0
0 0 0
0 0 0
0 0 0
0 0 0
0 0 0
0 0 0
0 0 0
0 0 0
0 0 0
0 0 0
0 0 0
0 0 0
0 0 0
0 0 0
99 165 198
140 206 239
140 206 239
115 181 214
123 198 239
140 214 255
66 140 181
0 0 0
0 0 0
132 198 239
140 206 247
99 156 198
0 0 0
173 247 255
107 181 231
0 0 0
0 0 0
0 0 0
0 0 0
0 0 0
0 0 0
0 0 0
0 0 0
99 173 222
156 231 255
140 214 247
107 173 222
57 132 181
99 173 222
140 214 255
148 222 255
99 173 222
0 0 0
0 0 0
0 0 0
0 0 0
0 0 0
0 0 0
0 0 0
0 0 0
99 165 206
181 239 255
74 140 198
66 132 189
140 198 239
132 189 231
57 132 181
0 0 0
57 132 173
107 189 222
148 214 239
115 181 214
132 198 231
165 231 255
115 181 214
0 0 0
0 0 0
0 0 0
0 0 0
0 0 0
0 0 0
0 0 0
0 0 0
0 0 0
0 0 0
0 0 0
0 0 0
0 0 0
0 0 0
0 0 0
0 0 0
66 140 181
132 198 231
165 231 255
140 206 239
123 189 222
74 148 181
132 198 239
49 123 173
0 0 0
66 140 181
140 206 247
156 214 255
132 189 231
57 132 173
156 231 255
140 222 255
0 0 0
0 0 0
0 0 0
0 0 0
0 0 0
0 0 0
132 222 255
123 206 255
90 165 214
115 189 231
74 148 189
99 173 222
0 0 0
74 148 198
66 140 189
123 198 247
115 189 239
123 198 247
148 231 255
0 0 0
0 0 0
0 0 0
0 0 0
0 0 0
0 0 0
132 189 231
181 239 255
82 148 214
90 165 222
173 231 255
156 214 255
82 148 206
0 0 0
0 0 0
132 214 247
90 156 189
107 173 206
140 206 231
148 214 247
148 214 255
82 148 198
49 123 173
0 0 0
0 0 0
0 0 0
0 0 0
0 0 0
0 0 0
0 0 0
0 0 0
0 0 0
0 0 0
0 0 0
0 0 0
49 140 206
115 198 239
165 239 255
173 247 255
140 206 239
140 214 247
132 206 247
49 132 173
148 231 255
66 148 198
0 0 0
66 140 181
165 239 255
156 222 255
123 181 214
0 0 0
132 214 255
0 0 0
0 0 0
0 0 0
0 0 0
0 0 0
0 0 0
0 0 0
74 156 214
123 189 239
173 231 255
173 231 255
123 181 214
132 206 255
82 156 206
140 214 255
107 181 222
156 222 255
165 222 255
132 198 247
99 181 231
0 0 0
0 0 0
0 0 0
0 0 0
0 0 0
0 0 0
0 0 0
132 206 255
57 140 189
74 156 214
165 231 255
165 222 255
90 165 231
0 0 0
0 0 0
148 239 255
90 156 198
90 156 206
165 231 255
140 206 247
156 231 255
165 239 255
156 222 255
74 140 181
74 140 181
74 140 181
74 140 181
74 140 181
74 140 181
74 140 181
74 140 181
74 140 181
74 140 181
74 140 181
74 140 181
74 165 231
173 255 255
156 231 255
90 156 198
74 140 173
148 214 255
115 189 231
57 132 173
173 247 255
74 156 214
0 0 0
0 0 0
148 222 255
173 239 255
107 173 206
0 0 0
0 0 0
0 0 0
0 0 0
0 0 0
0 0 0
0 0 0
0 0 0
0 0 0
0 0 0
0 0 0
140 198 239
115 173 206
74 132 165
90 165 214
0 0 0
90 156 206
74 140 181
107 165 206
148 206 247
57 123 173
0 0 0
0 0 0
0 0 0
0 0 0
0 0 0
0 0 0
0 0 0
0 0 0
0 0 0
0 0 0
57 140 189
181 239 255
173 231 255
57 132 198
0 0 0
57 140 206
148 231 255
99 165 206
90 156 198
156 222 255
66 132 173
90 165 198
148 222 255
181 247 255
123 189 239
123 189 239
123 189 239
123 189 239
123 189 239
123 189 239
123 189 239
123 189 239
123 189 239
123 189 239
123 189 239
123 189 239
57 148 222
74 165 214
66 156 206
0 0 0
0 0 0
107 189 247
74 156 214
49 140 198
82 173 231
49 140 198
0 0 0
66 140 189
165 239 255
173 239 255
140 206 239
49 123 173
0 0 0
0 0 0
0 0 0
0 0 0
0 0 0
0 0 0
0 0 0
0 0 0
0 0 0
74 140 181
123 198 231
99 173 222
82 156 206
82 148 189
66 132 165
90 156 189
90 156 189
90 156 198
140 198 247
74 148 189
57 132 189
0 0 0
0 0 0
0 0 0
0 0 0
0 0 0
0 0 0
0 0 0
0 0 0
0 0 0
123 189 222
181 247 255
173 231 255
90 165 239
0 0 0
0 0 0
99 189 255
57 132 198
74 148 214
107 181 247
0 0 0
0 0 0
57 148 198
74 165 214
66 156 206
66 156 206
66 156 206
66 156 206
66 156 206
66 156 206
66 156 206
66 156 206
66 156 206
66 156 206
66 156 206
66 156 206
0 0 0
0 0 0
0 0 0
0 0 0
0 0 0
0 0 0
0 0 0
0 0 0
0 0 0
0 0 0
0 0 0
0 0 0
140 214 247
165 231 255
115 181 206
0 0 0
0 0 0
0 0 0
0 0 0
0 0 0
0 0 0
0 0 0
0 0 0
0 0 0
148 231 255
165 239 255
148 222 255
123 198 247
99 173 222
123 198 239
132 198 239
132 198 231
107 173 214
132 198 231
148 206 255
156 231 255
148 231 255
57 148 198
0 0 0
0 0 0
0 0 0
0 0 0
0 0 0
0 0 0
0 0 0
0 0 0
82 156 189
173 239 255
165 222 247
74 148 214
0 0 0
0 0 0
0 0 0
0 0 0
0 0 0
0 0 0
0 0 0
0 0 0
0 0 0
0 0 0
0 0 0
0 0 0
0 0 0
0 0 0
0 0 0
0 0 0
0 0 0
0 0 0
0 0 0
0 0 0
0 0 0
0 0 0
0 0 0
0 0 0
0 0 0
0 0 0
0 0 0
0 0 0
0 0 0
0 0 0
0 0 0
0 0 0
0 0 0
0 0 0
107 181 231
165 239 255
82 156 189
0 0 0
0 0 0
0 0 0
0 0 0
0 0 0
0 0 0
0 0 0
0 0 0
90 173 222
165 231 255
132 198 222
74 140 173
90 156 206
90 156 214
165 239 255
99 173 206
165 231 255
115 181 214
90 156 189
57 123 156
115 189 231
173 239 255
115 189 247
0 0 0
0 0 0
0 0 0
0 0 0
0 0 0
0 0 0
0 0 0
0 0 0
0 0 0
156 222 255
140 206 247
0 0 0
0 0 0
0 0 0
0 0 0
0 0 0
0 0 0
0 0 0
0 0 0
0 0 0
0 0 0
0 0 0
0 0 0
0 0 0
0 0 0
0 0 0
0 0 0
0 0 0
0 0 0
0 0 0
0 0 0
0 0 0
0 0 0
0 0 0
0 0 0
0 0 0
0 0 0
0 0 0
0 0 0
0 0 0
0 0 0
0 0 0
0 0 0
0 0 0
0 0 0
0 0 0
99 181 231
181 255 255
74 148 181
0 0 0
0 0 0
0 0 0
0 0 0
0 0 0
0 0 0
0 0 0
0 0 0
74 156 206
90 156 198
57 115 148
74 132 165
132 198 247
99 165 214
156 222 255
115 181 214
165 231 255
107 165 198
123 181 214
90 156 189
57 123 165
57 132 181
90 165 222
0 0 0
0 0 0
0 0 0
0 0 0
0 0 0
0 0 0
0 0 0
0 0 0
0 0 0
165 231 255
140 206 247
0 0 0
0 0 0
0 0 0
0 0 0
0 0 0
0 0 0
0 0 0
0 0 0
0 0 0
0 0 0
0 0 0
0 0 0
0 0 0
0 0 0
0 0 0
0 0 0
0 0 0
0 0 0
0 0 0
0 0 0
0 0 0
0 0 0
0 0 0
0 0 0
0 0 0
0 0 0
0 0 0
0 0 0
0 0 0
0 0 0
0 0 0
0 0 0
0 0 0
0 0 0
0 0 0
66 148 214
123 206 255
0 0 0
0 0 0
0 0 0
0 0 0
0 0 0
0 0 0
0 0 0
0 0 0
0 0 0
0 0 0
57 115 148
140 198 231
181 231 255
132 189 239
82 148 198
99 173 214
66 140 181
90 156 198
99 165 206
123 189 222
156 214 255
148 214 255
82 148 181
0 0 0
0 0 0
0 0 0
0 0 0
0 0 0
0 0 0
0 0 0
0 0 0
0 0 0
0 0 0
115 198 255
99 181 239
0 0 0
0 0 0
0 0 0
0 0 0
0 0 0
0 0 0
0 0 0
0 0 0
0 0 0
0 0 0
0 0 0
0 0 0
0 0 0
0 0 0
0 0 0
0 0 0
0 0 0
0 0 0
0 0 0
0 0 0
0 0 0
0 0 0
0 0 0
0 0 0
0 0 0
0 0 0
0 0 0
0 0 0
0 0 0
0 0 0
0 0 0
0 0 0
0 0 0
0 0 0
0 0 0
0 0 0
49 140 189
0 0 0
0 0 0
0 0 0
0 0 0
0 0 0
0 0 0
0 0 0
0 0 0
74 148 206
148 222 255
165 222 255
165 214 247
165 214 247
115 181 231
90 156 206
107 181 222
115 189 231
115 181 222
90 156 198
115 181 222
156 222 255
148 214 247
165 231 255
140 206 247
99 173 222
0 0 0
0 0 0
0 0 0
0 0 0
0 0 0
0 0 0
0 0 0
0 0 0
0 0 0
0 0 0
0 0 0
0 0 0
0 0 0
0 0 0
0 0 0
0 0 0
0 0 0
0 0 0
0 0 0
0 0 0
0 0 0
0 0 0
0 0 0
0 0 0
0 0 0
0 0 0
0 0 0
0 0 0
0 0 0
0 0 0
0 0 0
0 0 0
0 0 0
0 0 0
0 0 0
0 0 0
0 0 0
0 0 0
0 0 0
0 0 0
0 0 0
0 0 0
0 0 0
0 0 0
0 0 0
0 0 0
0 0 0
0 0 0
0 0 0
0 0 0
0 0 0
0 0 0
0 0 0
0 0 0
57 132 173
123 198 231
173 239 255
181 239 255
156 222 255
140 206 255
0 0 0
0 0 0
148 206 239
148 206 239
140 222 255
0 0 0
0 0 0
115 198 247
140 206 247
181 239 255
189 247 255
148 206 239
66 140 189
0 0 0
0 0 0
0 0 0
0 0 0
0 0 0
0 0 0
0 0 0
0 0 0
0 0 0
0 0 0
0 0 0
0 0 0
0 0 0
0 0 0
0 0 0
0 0 0
0 0 0
0 0 0
0 0 0
0 0 0
0 0 0
0 0 0
0 0 0
0 0 0
0 0 0
0 0 0
0 0 0
0 0 0
0 0 0
0 0 0
0 0 0
0 0 0
0 0 0
0 0 0
0 0 0
0 0 0
0 0 0
0 0 0
0 0 0
0 0 0
0 0 0
0 0 0
0 0 0
0 0 0
0 0 0
0 0 0
0 0 0
0 0 0
0 0 0
0 0 0
0 0 0
0 0 0
82 156 214
156 231 255
165 239 255
165 231 255
148 206 239
66 123 165
0 0 0
0 0 0
0 0 0
115 181 214
148 214 247
132 206 255
0 0 0
0 0 0
0 0 0
66 132 173
123 181 222
165 222 255
173 231 255
156 231 255
107 181 239
0 0 0
0 0 0
0 0 0
0 0 0
0 0 0
0 0 0
0 0 0
0 0 0
0 0 0
0 0 0
0 0 0
0 0 0
0 0 0
0 0 0
0 0 0
0 0 0
0 0 0
0 0 0
0 0 0
0 0 0
0 0 0
0 0 0
0 0 0
0 0 0
0 0 0
0 0 0
0 0 0
0 0 0
0 0 0
0 0 0
0 0 0
0 0 0
0 0 0
0 0 0
0 0 0
0 0 0
0 0 0
0 0 0
0 0 0
0 0 0
0 0 0
0 0 0
0 0 0
0 0 0
0 0 0
0 0 0
0 0 0
0 0 0
0 0 0
0 0 0
66 156 214
132 222 255
123 214 255
74 165 222
57 140 206
49 132 198
0 0 0
0 0 0
0 0 0
74 140 189
115 181 214
148 214 247
123 189 231
82 156 206
0 0 0
0 0 0
0 0 0
0 0 0
57 148 206
57 148 206
115 198 255
140 222 255
82 165 231
0 0 0
0 0 0
0 0 0
0 0 0
0 0 0
0 0 0
0 0 0
0 0 0
0 0 0
0 0 0
0 0 0
0 0 0
0 0 0
0 0 0
0 0 0
0 0 0
0 0 0
0 0 0
0 0 0
0 0 0
0 0 0
0 0 0
0 0 0
0 0 0
0 0 0
0 0 0
0 0 0
0 0 0
0 0 0
0 0 0
